Manual:		79, 99, 31, 72, 34, 11, 43, 42, 39, 52, 32, 77, 93
Mapped indices	[ 12, 8, 38, 20, 44, 9, 43, 33, 45, 22, 32, 4, 14 ]

Manual:		34, 88, 46, 72, 93, 56, 63
Mapped indices	[ 44, 28, 42, 20, 14, 15, 47 ]

Manual:		15, 12, 99, 92, 84, 48, 76, 82, 79, 81, 61, 31, 56, 63, 46, 45, 72
Mapped indices	[ 24, 0, 8, 2, 29, 18, 16, 23, 12, 26, 1, 38, 15, 47, 42, 21, 20 ]

Manual:		46, 79, 54, 76, 27, 37, 96
Mapped indices	[ 42, 12, 13, 16, 19, 6, 34 ]

Manual:		42, 34, 79, 72, 54, 76, 48
Mapped indices	[ 33, 44, 12, 20, 13, 16, 18 ]

Manual:		93, 72, 82, 81, 46, 16, 45, 92, 65, 47, 27, 88, 15, 63, 76, 79, 84, 52, 56
Mapped indices	[ 14, 20, 23, 26, 42, 30, 21, 2, 5, 7, 19, 28, 24, 47, 16, 12, 29, 22, 15 ]

Manual:		71, 46, 55, 18, 34, 64, 42, 77, 11, 31, 51, 26, 45, 43, 44, 47, 88, 33, 32
Mapped indices	[ 40, 42, 46, 36, 44, 27, 33, 4, 9, 38, 25, 41, 21, 43, 37, 7, 28, 11, 32 ]

Manual:		21, 38, 74, 61, 82, 51, 39, 65, 91, 96, 16, 32, 15, 58, 63, 37, 43
Mapped indices	[ 35, 10, 48, 1, 23, 25, 45, 5, 31, 34, 30, 32, 24, 17, 47, 6, 43 ]

Manual:		31, 56, 48, 63, 16, 61, 12
Mapped indices	[ 38, 15, 18, 47, 30, 1, 0 ]

Manual:		65, 27, 12, 37, 96, 21, 51, 74, 59, 11, 39, 33, 55
Mapped indices	[ 5, 19, 0, 6, 34, 35, 25, 48, 39, 9, 45, 11, 46 ]

Manual:		57, 44, 43, 74, 11, 64, 12
Mapped indices	[ 3, 37, 43, 48, 9, 27, 0 ]

Manual:		45, 31, 59, 71, 88, 21, 34, 26, 96, 11, 47
Mapped indices	[ 21, 38, 39, 40, 28, 35, 44, 41, 34, 9, 7 ]

Manual:		18, 42, 55, 77, 64, 47, 71, 45, 88, 31, 52, 46, 99, 79, 72, 93, 54, 56, 76, 48, 84
Mapped indices	[ 36, 33, 46, 4, 27, 7, 40, 21, 28, 38, 22, 42, 8, 12, 20, 14, 13, 15, 16, 18, 29 ]

Manual:		59, 11, 39, 32, 33, 18, 42, 77, 45, 81, 52, 99, 79
Mapped indices	[ 39, 9, 45, 32, 11, 36, 33, 4, 21, 26, 22, 8, 12 ]

Manual:		12, 57, 91, 37, 96, 74, 59, 44, 11, 43, 33, 18, 42, 55, 34, 77, 64
Mapped indices	[ 0, 3, 31, 6, 34, 48, 39, 37, 9, 43, 11, 36, 33, 46, 44, 4, 27 ]

Manual:		38, 59, 33, 18, 71, 45, 88
Mapped indices	[ 10, 39, 11, 36, 40, 21, 28 ]

Manual:		21, 37, 58, 91, 15, 44, 12
Mapped indices	[ 35, 6, 17, 31, 24, 37, 0 ]

Manual:		34, 46, 26, 88, 72, 71, 52, 93, 47
Mapped indices	[ 44, 42, 41, 28, 20, 40, 22, 14, 7 ]

Manual:		33, 26, 77, 64, 47, 52, 46, 79, 93, 76, 48
Mapped indices	[ 11, 41, 4, 27, 7, 22, 42, 12, 14, 16, 18 ]

Manual:		45, 88, 99, 15, 48, 77, 31, 81, 76, 26, 93, 52, 47, 84, 56, 54, 79, 82, 64, 55, 71, 34, 46
Mapped indices	[ 21, 28, 8, 24, 18, 4, 38, 26, 16, 41, 14, 22, 7, 29, 15, 13, 12, 23, 27, 46, 40, 44, 42 ]

Manual:		48, 93, 47, 34, 54, 42, 46, 76, 99, 26, 84, 71, 88, 45, 56, 81, 52, 18, 64, 55, 77, 31, 72
Mapped indices	[ 18, 14, 7, 44, 13, 33, 42, 16, 8, 41, 29, 40, 28, 21, 15, 26, 22, 36, 27, 46, 4, 38, 20 ]

Manual:		56, 55, 52, 71, 33, 64, 99, 93, 76, 18, 31, 26, 46, 34, 79, 42, 45, 77, 72
Mapped indices	[ 15, 46, 22, 40, 11, 27, 8, 14, 16, 36, 38, 41, 42, 44, 12, 33, 21, 4, 20 ]

Manual:		96, 43, 18, 92, 57, 42, 74, 37, 33, 59, 38, 51, 11, 61, 58, 21, 12, 27, 44, 16, 91
Mapped indices	[ 34, 43, 36, 2, 3, 33, 48, 6, 11, 39, 10, 25, 9, 1, 17, 35, 0, 19, 37, 30, 31 ]

Manual:		64, 47, 99, 48, 84
Mapped indices	[ 27, 7, 8, 18, 29 ]

Manual:		56, 76, 48, 84, 82, 15, 63, 92, 65, 61, 12, 57, 58, 91, 37, 96, 21, 38, 51, 59, 44
Mapped indices	[ 15, 16, 18, 29, 23, 24, 47, 2, 5, 1, 0, 3, 17, 31, 6, 34, 35, 10, 25, 39, 37 ]

Manual:		27, 59, 65, 51, 16, 57, 43, 12, 18, 91, 61, 96, 37, 39, 58, 63, 21
Mapped indices	[ 19, 39, 5, 25, 30, 3, 43, 0, 36, 31, 1, 34, 6, 45, 17, 47, 35 ]

Manual:		45, 52, 99, 79, 48, 82, 63, 65, 16, 61, 12
Mapped indices	[ 21, 22, 8, 12, 18, 23, 47, 5, 30, 1, 0 ]

Manual:		58, 37, 96, 21, 38, 74, 59, 44, 32, 43, 33, 18, 34, 26, 77, 64, 71
Mapped indices	[ 17, 6, 34, 35, 10, 48, 39, 37, 32, 43, 11, 36, 44, 41, 4, 27, 40 ]

Manual:		96, 63, 82, 58, 12, 51, 92, 91, 37, 59, 57, 61, 15, 11, 16, 27, 44, 84, 38, 74, 39, 21, 48
Mapped indices	[ 34, 47, 23, 17, 0, 25, 2, 31, 6, 39, 3, 1, 24, 9, 30, 19, 37, 29, 10, 48, 45, 35, 18 ]

Manual:		56, 93, 52, 16, 72, 61, 82, 46, 27, 54, 48, 84, 79
Mapped indices	[ 15, 14, 22, 30, 20, 1, 23, 42, 19, 13, 18, 29, 12 ]

Manual:		54, 93, 15, 63, 38, 76, 82, 21, 65, 37, 91, 84, 57, 92, 61, 16, 58, 56, 48
Mapped indices	[ 13, 14, 24, 47, 10, 16, 23, 35, 5, 6, 31, 29, 3, 2, 1, 30, 17, 15, 18 ]

Manual:		21, 84, 59, 61, 15, 12, 57, 74, 44, 96, 16, 38, 63, 51, 32, 27, 82, 58, 65
Mapped indices	[ 35, 29, 39, 1, 24, 0, 3, 48, 37, 34, 30, 10, 47, 25, 32, 19, 23, 17, 5 ]

Manual:		93, 76, 48, 52, 65, 37, 58, 27, 99, 15, 61, 84, 63, 92, 16, 56, 91, 82, 72
Mapped indices	[ 14, 16, 18, 22, 5, 6, 17, 19, 8, 24, 1, 29, 47, 2, 30, 15, 31, 23, 20 ]

Manual:		48, 82, 12, 91, 21, 51, 39
Mapped indices	[ 18, 23, 0, 31, 35, 25, 45 ]

Manual:		44, 33, 37, 34, 59, 32, 96, 18, 55, 58, 38, 39, 47, 21, 26
Mapped indices	[ 37, 11, 6, 44, 39, 32, 34, 36, 46, 17, 10, 45, 7, 35, 41 ]

Manual:		16, 27, 61, 12, 91, 96, 21, 51, 74, 59, 32, 33, 18, 42, 34
Mapped indices	[ 30, 19, 1, 0, 31, 34, 35, 25, 48, 39, 32, 11, 36, 33, 44 ]

Manual:		32, 74, 42, 59, 51, 34, 96, 91, 43, 39, 44, 57, 27
Mapped indices	[ 32, 48, 33, 39, 25, 44, 34, 31, 43, 45, 37, 3, 19 ]

Manual:		31, 46, 84, 99, 15, 64, 48, 81, 55, 82, 45
Mapped indices	[ 38, 42, 29, 8, 24, 27, 18, 26, 46, 23, 21 ]

Manual:		15, 27, 61, 12, 37, 96, 38, 74, 44
Mapped indices	[ 24, 19, 1, 0, 6, 34, 10, 48, 37 ]

Manual:		43, 34, 71, 88, 81, 72, 54, 56, 76
Mapped indices	[ 43, 44, 40, 28, 26, 20, 13, 15, 16 ]

Manual:		51, 74, 21, 96, 71, 34, 26, 59, 38, 42, 64, 11, 18, 37, 45, 43, 39
Mapped indices	[ 25, 48, 35, 34, 40, 44, 41, 39, 10, 33, 27, 9, 36, 6, 21, 43, 45 ]

Manual:		45, 88, 31, 81, 52, 79, 72, 54, 56, 76, 84, 15, 63, 65, 16, 61, 12
Mapped indices	[ 21, 28, 38, 26, 22, 12, 20, 13, 15, 16, 29, 24, 47, 5, 30, 1, 0 ]

Manual:		58, 48, 21, 56, 92, 51, 38, 54, 84, 72, 96, 93, 63, 65, 57, 27, 76, 61, 12, 15, 37, 82, 91
Mapped indices	[ 17, 18, 35, 15, 2, 25, 10, 13, 29, 20, 34, 14, 47, 5, 3, 19, 16, 1, 0, 24, 6, 23, 31 ]

Manual:		82, 79, 16, 48, 91, 12, 15, 57, 76, 56, 96, 58, 63, 72, 99, 61, 37, 93, 65, 54, 27, 92, 84
Mapped indices	[ 23, 12, 30, 18, 31, 0, 24, 3, 16, 15, 34, 17, 47, 20, 8, 1, 6, 14, 5, 13, 19, 2, 29 ]

Manual:		93, 91, 65, 58, 81, 46, 12
Mapped indices	[ 14, 31, 5, 17, 26, 42, 0 ]

Manual:		48, 15, 63, 92, 74, 11, 39
Mapped indices	[ 18, 24, 47, 2, 48, 9, 45 ]

Manual:		92, 27, 42, 21, 11, 12, 44, 32, 96, 51, 74, 16, 61, 33, 58, 91, 38, 57, 59, 65, 18
Mapped indices	[ 2, 19, 33, 35, 9, 0, 37, 32, 34, 25, 48, 30, 1, 11, 17, 31, 10, 3, 39, 5, 36 ]

Manual:		56, 61, 72, 15, 12, 51, 57, 27, 48, 76, 96
Mapped indices	[ 15, 1, 20, 24, 0, 25, 3, 19, 18, 16, 34 ]

Manual:		63, 56, 79, 93, 58, 84, 46, 76, 72, 82, 57, 27, 54, 15, 92
Mapped indices	[ 47, 15, 12, 14, 17, 29, 42, 16, 20, 23, 3, 19, 13, 24, 2 ]

Manual:		45, 48, 84, 31, 15, 88, 81, 64, 26, 92, 63, 99, 79, 52, 82, 47, 54, 56, 46
Mapped indices	[ 21, 18, 29, 38, 24, 28, 26, 27, 41, 2, 47, 8, 12, 22, 23, 7, 13, 15, 42 ]

Manual:		47, 71, 45, 88, 31, 52, 46, 99, 79, 93, 54, 56, 48, 84, 82, 15, 63, 92, 65, 16, 27
Mapped indices	[ 7, 40, 21, 28, 38, 22, 42, 8, 12, 14, 13, 15, 18, 29, 23, 24, 47, 2, 5, 30, 19 ]

Manual:		91, 84, 15, 99, 93, 72, 79, 61, 27, 46, 65, 81, 76, 54, 12, 52, 57
Mapped indices	[ 31, 29, 24, 8, 14, 20, 12, 1, 19, 42, 5, 26, 16, 13, 0, 22, 3 ]

Manual:		76, 64, 34, 48, 99
Mapped indices	[ 16, 27, 44, 18, 8 ]

Manual:		18, 64, 26, 46, 42, 99, 45, 43, 81, 34, 74, 11, 47
Mapped indices	[ 36, 27, 41, 42, 33, 8, 21, 43, 26, 44, 48, 9, 7 ]

Manual:		33, 34, 26, 71, 52, 72, 54, 56, 48
Mapped indices	[ 11, 44, 41, 40, 22, 20, 13, 15, 18 ]

Manual:		42, 47, 11, 45, 77, 32, 43, 64, 44, 79, 72, 33, 52
Mapped indices	[ 33, 7, 9, 21, 4, 32, 43, 27, 37, 12, 20, 11, 22 ]

Manual:		16, 99, 92, 27, 65, 31, 47, 82, 79, 63, 46
Mapped indices	[ 30, 8, 2, 19, 5, 38, 7, 23, 12, 47, 42 ]

Manual:		12, 81, 91, 61, 56, 15, 65, 93, 57
Mapped indices	[ 0, 26, 31, 1, 15, 24, 5, 14, 3 ]

Manual:		58, 37, 96, 21, 38, 51, 74, 59, 11, 39, 32, 43, 18, 42, 77, 47, 71
Mapped indices	[ 17, 6, 34, 35, 10, 25, 48, 39, 9, 45, 32, 43, 36, 33, 4, 7, 40 ]

Manual:		96, 38, 51, 74, 59, 44, 11, 39, 32, 33, 18, 55, 34, 26, 77, 47, 45, 88, 31
Mapped indices	[ 34, 10, 25, 48, 39, 37, 9, 45, 32, 11, 36, 46, 44, 41, 4, 7, 21, 28, 38 ]

Manual:		63, 92, 65, 16, 27, 61, 12, 57, 58, 91, 37, 96, 21, 38, 51, 74, 59, 44, 11, 39, 43, 33, 18
Mapped indices	[ 47, 2, 5, 30, 19, 1, 0, 3, 17, 31, 6, 34, 35, 10, 25, 48, 39, 37, 9, 45, 43, 11, 36 ]

Manual:		43, 33, 79, 45, 81, 54, 34, 88, 64, 18, 52, 99, 76, 93, 77
Mapped indices	[ 43, 11, 12, 21, 26, 13, 44, 28, 27, 36, 22, 8, 16, 14, 4 ]

Manual:		58, 91, 37, 96, 21, 38, 51, 74, 44, 11, 39, 32, 43, 33, 18, 42, 55, 34, 26, 77, 64, 47, 71
Mapped indices	[ 17, 31, 6, 34, 35, 10, 25, 48, 37, 9, 45, 32, 43, 11, 36, 33, 46, 44, 41, 4, 27, 7, 40 ]

Manual:		81, 15, 55, 56, 48, 26, 54
Mapped indices	[ 26, 24, 46, 15, 18, 41, 13 ]

Manual:		52, 46, 99, 79, 72, 54, 56, 48, 82, 15, 63, 92, 65, 16, 27, 61, 12, 57, 58, 91, 37
Mapped indices	[ 22, 42, 8, 12, 20, 13, 15, 18, 23, 24, 47, 2, 5, 30, 19, 1, 0, 3, 17, 31, 6 ]

Manual:		71, 45, 79, 72, 56
Mapped indices	[ 40, 21, 12, 20, 15 ]

Manual:		63, 46, 76, 56, 16, 71, 45, 47, 92, 48, 52, 81, 88, 27, 93, 99, 79, 84, 65, 54, 31
Mapped indices	[ 47, 42, 16, 15, 30, 40, 21, 7, 2, 18, 22, 26, 28, 19, 14, 8, 12, 29, 5, 13, 38 ]

Manual:		59, 44, 32, 55, 47, 45, 79
Mapped indices	[ 39, 37, 32, 46, 7, 21, 12 ]

Manual:		76, 81, 92, 45, 52, 72, 15, 48, 64, 26, 54
Mapped indices	[ 16, 26, 2, 21, 22, 20, 24, 18, 27, 41, 13 ]

Manual:		79, 72, 54, 56, 48, 84, 15, 65, 16, 27, 61, 12, 57, 58, 91, 37, 96, 21, 38
Mapped indices	[ 12, 20, 13, 15, 18, 29, 24, 5, 30, 19, 1, 0, 3, 17, 31, 6, 34, 35, 10 ]

Manual:		79, 93, 84, 63, 92, 65, 61, 57, 58, 96, 38
Mapped indices	[ 12, 14, 29, 47, 2, 5, 1, 3, 17, 34, 10 ]

Manual:		81, 99, 93, 54, 56, 27, 91
Mapped indices	[ 26, 8, 14, 13, 15, 19, 31 ]

Manual:		99, 79, 72, 93, 54, 56, 76, 48, 84, 15, 63, 92, 65, 16, 61, 12, 91, 37, 21
Mapped indices	[ 8, 12, 20, 14, 13, 15, 16, 18, 29, 24, 47, 2, 5, 30, 1, 0, 31, 6, 35 ]

Manual:		96, 61, 65, 21, 91, 54, 99
Mapped indices	[ 34, 1, 5, 35, 31, 13, 8 ]

Manual:		64, 72, 46, 11, 26, 77, 18, 44, 79, 52, 33
Mapped indices	[ 27, 20, 42, 9, 41, 4, 36, 37, 12, 22, 11 ]

Manual:		51, 74, 59, 11, 39, 32, 43, 34, 26, 64, 46
Mapped indices	[ 25, 48, 39, 9, 45, 32, 43, 44, 41, 27, 42 ]

Manual:		21, 92, 63, 57, 91, 38, 58, 54, 84, 74, 15, 59, 16, 27, 96, 51, 82, 56, 48
Mapped indices	[ 35, 2, 47, 3, 31, 10, 17, 13, 29, 48, 24, 39, 30, 19, 34, 25, 23, 15, 18 ]

Manual:		91, 56, 76, 58, 99, 72, 93, 54, 61, 52, 79, 48, 46
Mapped indices	[ 31, 15, 16, 17, 8, 20, 14, 13, 1, 22, 12, 18, 42 ]

Manual:		63, 91, 16, 59, 18, 32, 39
Mapped indices	[ 47, 31, 30, 39, 36, 32, 45 ]

Manual:		33, 11, 74, 71, 31, 51, 96
Mapped indices	[ 11, 9, 48, 40, 38, 25, 34 ]

Manual:		63, 91, 37, 96, 44, 32, 18
Mapped indices	[ 47, 31, 6, 34, 37, 32, 36 ]

Manual:		72, 93, 76, 48, 84, 82, 15, 63, 92, 65, 16, 27, 61, 12, 58, 91, 96
Mapped indices	[ 20, 14, 16, 18, 29, 23, 24, 47, 2, 5, 30, 19, 1, 0, 17, 31, 34 ]

Manual:		43, 82, 65, 59, 63, 37, 74, 11, 61, 39, 91, 58, 16
Mapped indices	[ 43, 23, 5, 39, 47, 6, 48, 9, 1, 45, 31, 17, 30 ]

Manual:		39, 51, 44, 92, 43, 96, 57, 12, 42, 16, 32, 38, 91, 21, 74
Mapped indices	[ 45, 25, 37, 2, 43, 34, 3, 0, 33, 30, 32, 10, 31, 35, 48 ]

Manual:		58, 91, 16, 43, 63, 96, 18, 37, 65
Mapped indices	[ 17, 31, 30, 43, 47, 34, 36, 6, 5 ]

Manual:		33, 72, 54, 34, 77, 99, 31, 26, 88, 39, 81
Mapped indices	[ 11, 20, 13, 44, 4, 8, 38, 41, 28, 45, 26 ]

Manual:		16, 27, 56, 93, 82, 92, 84, 31, 76, 65, 46, 52, 57, 58, 81
Mapped indices	[ 30, 19, 15, 14, 23, 2, 29, 38, 16, 5, 42, 22, 3, 17, 26 ]

Manual:		54, 56, 76, 48, 84, 82, 15, 63, 92, 65, 27, 61, 12, 57, 58, 37, 21, 38, 51, 74, 59
Mapped indices	[ 13, 15, 16, 18, 29, 23, 24, 47, 2, 5, 19, 1, 0, 3, 17, 6, 35, 10, 25, 48, 39 ]

Manual:		99, 79, 72, 93, 76, 48, 84, 82, 15, 92, 16, 27, 12, 57, 58, 91, 37, 96, 21
Mapped indices	[ 8, 12, 20, 14, 16, 18, 29, 23, 24, 2, 30, 19, 0, 3, 17, 31, 6, 34, 35 ]

Manual:		32, 33, 18, 12, 39, 77, 34, 96, 61, 74, 44, 21, 91, 37, 42, 57, 51, 26, 58, 11, 38, 55, 59
Mapped indices	[ 32, 11, 36, 0, 45, 4, 44, 34, 1, 48, 37, 35, 31, 6, 33, 3, 25, 41, 17, 9, 10, 46, 39 ]

Manual:		44, 18, 55, 12, 34, 58, 51, 59, 33
Mapped indices	[ 37, 36, 46, 0, 44, 17, 25, 39, 11 ]

Manual:		82, 21, 59, 16, 96, 15, 44, 84, 74, 63, 92, 51, 39, 37, 61, 27, 91, 38, 32
Mapped indices	[ 23, 35, 39, 30, 34, 24, 37, 29, 48, 47, 2, 25, 45, 6, 1, 19, 31, 10, 32 ]

Manual:		57, 58, 91, 37, 38, 51, 44, 11, 39, 32, 43, 33, 18, 42, 55, 34, 77, 64, 47
Mapped indices	[ 3, 17, 31, 6, 10, 25, 37, 9, 45, 32, 43, 11, 36, 33, 46, 44, 4, 27, 7 ]

Manual:		39, 32, 18, 42, 55, 34, 26, 77, 64, 71, 45, 88, 31, 81, 52, 99, 79, 93, 54
Mapped indices	[ 45, 32, 36, 33, 46, 44, 41, 4, 27, 40, 21, 28, 38, 26, 22, 8, 12, 14, 13 ]

Manual:		99, 65, 52, 77, 81, 71, 93
Mapped indices	[ 8, 5, 22, 4, 26, 40, 14 ]

Manual:		81, 79, 47, 99, 18, 42, 59, 77, 52, 44, 55, 64, 11, 34, 26
Mapped indices	[ 26, 12, 7, 8, 36, 33, 39, 4, 22, 37, 46, 27, 9, 44, 41 ]

Manual:		33, 77, 47, 71, 88, 79, 48
Mapped indices	[ 11, 4, 7, 40, 28, 12, 18 ]

Manual:		16, 27, 61, 57, 58, 91, 37, 96, 51, 74, 59, 44, 11, 39, 32, 43, 33, 18, 42, 55, 34
Mapped indices	[ 30, 19, 1, 3, 17, 31, 6, 34, 25, 48, 39, 37, 9, 45, 32, 43, 11, 36, 33, 46, 44 ]

Manual:		37, 57, 91, 27, 12, 96, 65, 61, 51, 39, 58, 59, 44, 21, 15, 92, 32, 43, 11, 38, 33, 16, 63
Mapped indices	[ 6, 3, 31, 19, 0, 34, 5, 1, 25, 45, 17, 39, 37, 35, 24, 2, 32, 43, 9, 10, 11, 30, 47 ]

Manual:		48, 84, 15, 92, 16, 27, 61, 12, 57, 91, 21, 38, 51, 59, 44, 11, 39
Mapped indices	[ 18, 29, 24, 2, 30, 19, 1, 0, 3, 31, 35, 10, 25, 39, 37, 9, 45 ]

Manual:		65, 27, 61, 12, 37, 38, 59
Mapped indices	[ 5, 19, 1, 0, 6, 10, 39 ]

Manual:		42, 26, 47, 71, 88, 81, 52, 46, 79, 72, 54, 48, 82
Mapped indices	[ 33, 41, 7, 40, 28, 26, 22, 42, 12, 20, 13, 18, 23 ]

Manual:		64, 18, 33, 88, 51, 81, 38, 47, 52, 71, 34, 26, 55, 11, 31
Mapped indices	[ 27, 36, 11, 28, 25, 26, 10, 7, 22, 40, 44, 41, 46, 9, 38 ]

Manual:		34, 26, 64, 47, 71, 45, 88, 81, 52, 46, 79, 72, 93, 56, 48, 84, 82, 15, 63
Mapped indices	[ 44, 41, 27, 7, 40, 21, 28, 26, 22, 42, 12, 20, 14, 15, 18, 29, 23, 24, 47 ]

Manual:		47, 45, 81, 46, 72, 54, 56, 84, 15, 63, 92, 65, 27
Mapped indices	[ 7, 21, 26, 42, 20, 13, 15, 29, 24, 47, 2, 5, 19 ]

Manual:		99, 71, 79, 81, 92, 45, 82, 54, 31, 47, 88, 63, 93
Mapped indices	[ 8, 40, 12, 26, 2, 21, 23, 13, 38, 7, 28, 47, 14 ]

Manual:		79, 72, 93, 56, 76, 48, 84, 82, 15, 92, 65, 27, 12, 57, 58, 91, 96, 21, 38
Mapped indices	[ 12, 20, 14, 15, 16, 18, 29, 23, 24, 2, 5, 19, 0, 3, 17, 31, 34, 35, 10 ]

Manual:		71, 44, 31, 11, 46, 88, 55, 33, 18, 39, 52, 79, 34, 47, 64, 45, 77
Mapped indices	[ 40, 37, 38, 9, 42, 28, 46, 11, 36, 45, 22, 12, 44, 7, 27, 21, 4 ]

Manual:		57, 91, 37, 38, 51, 43, 18, 55, 34
Mapped indices	[ 3, 31, 6, 10, 25, 43, 36, 46, 44 ]

Manual:		72, 93, 54, 56, 76, 48, 84, 15, 92, 16, 61, 57, 58, 91, 37, 96, 21, 38, 51
Mapped indices	[ 20, 14, 13, 15, 16, 18, 29, 24, 2, 30, 1, 3, 17, 31, 6, 34, 35, 10, 25 ]

Manual:		65, 56, 48, 63, 46, 79, 72, 88, 15, 99, 64, 45, 71, 84, 16
Mapped indices	[ 5, 15, 18, 47, 42, 12, 20, 28, 24, 8, 27, 21, 40, 29, 30 ]

Manual:		77, 64, 47, 71, 45, 88, 31, 81, 52, 46, 99, 79, 72, 54, 56, 76, 48, 84, 82, 15, 63, 92, 65
Mapped indices	[ 4, 27, 7, 40, 21, 28, 38, 26, 22, 42, 8, 12, 20, 13, 15, 16, 18, 29, 23, 24, 47, 2, 5 ]

Manual:		11, 57, 42, 91, 58, 18, 51, 61, 12, 43, 27, 32, 92
Mapped indices	[ 9, 3, 33, 31, 17, 36, 25, 1, 0, 43, 19, 32, 2 ]

Manual:		65, 91, 63, 51, 39, 58, 57, 84, 92, 48, 12
Mapped indices	[ 5, 31, 47, 25, 45, 17, 3, 29, 2, 18, 0 ]

Manual:		79, 93, 54, 56, 82, 15, 92, 27, 61, 12, 37, 96, 21
Mapped indices	[ 12, 14, 13, 15, 23, 24, 2, 19, 1, 0, 6, 34, 35 ]

Manual:		79, 46, 76, 26, 47, 99, 54, 43, 71, 45, 34
Mapped indices	[ 12, 42, 16, 41, 7, 8, 13, 43, 40, 21, 44 ]

Manual:		48, 31, 54, 52, 46, 63, 15, 92, 88, 56, 77, 47, 72, 65, 64, 79, 81, 71, 99
Mapped indices	[ 18, 38, 13, 22, 42, 47, 24, 2, 28, 15, 4, 7, 20, 5, 27, 12, 26, 40, 8 ]

Manual:		59, 81, 51, 39, 38, 33, 71, 74, 55, 64, 26, 45, 52
Mapped indices	[ 39, 26, 25, 45, 10, 11, 40, 48, 46, 27, 41, 21, 22 ]

Manual:		34, 88, 47, 56, 15, 72, 26, 79, 77, 45, 71, 93, 63, 76, 84
Mapped indices	[ 44, 28, 7, 15, 24, 20, 41, 12, 4, 21, 40, 14, 47, 16, 29 ]

Manual:		21, 38, 51, 74, 59, 11, 43, 18, 47, 31, 81
Mapped indices	[ 35, 10, 25, 48, 39, 9, 43, 36, 7, 38, 26 ]

Manual:		65, 33, 39, 21, 91, 11, 37, 59, 58, 44, 63, 74, 16, 18, 57, 12, 43, 92, 61, 27, 32, 51, 96
Mapped indices	[ 5, 11, 45, 35, 31, 9, 6, 39, 17, 37, 47, 48, 30, 36, 3, 0, 43, 2, 1, 19, 32, 25, 34 ]

Manual:		72, 82, 65, 15, 79, 63, 46, 52, 54, 93, 16, 56, 48, 12, 61, 76, 84, 99, 92
Mapped indices	[ 20, 23, 5, 24, 12, 47, 42, 22, 13, 14, 30, 15, 18, 0, 1, 16, 29, 8, 2 ]

Manual:		57, 91, 61, 96, 84, 46, 54, 16, 63, 99, 48, 92, 37, 56, 58
Mapped indices	[ 3, 31, 1, 34, 29, 42, 13, 30, 47, 8, 18, 2, 6, 15, 17 ]

Manual:		42, 71, 26, 45, 51, 11, 32, 33, 81, 43, 77, 18, 64, 21, 55, 34, 31, 88, 59, 47, 39, 44, 38
Mapped indices	[ 33, 40, 41, 21, 25, 9, 32, 11, 26, 43, 4, 36, 27, 35, 46, 44, 38, 28, 39, 7, 45, 37, 10 ]

Manual:		82, 48, 76, 37, 61, 57, 63, 84, 58, 15, 56, 79, 27, 72, 91, 54, 12, 21, 99
Mapped indices	[ 23, 18, 16, 6, 1, 3, 47, 29, 17, 24, 15, 12, 19, 20, 31, 13, 0, 35, 8 ]

Manual:		54, 63, 96, 74, 58, 59, 37, 84, 27, 57, 91
Mapped indices	[ 13, 47, 34, 48, 17, 39, 6, 29, 19, 3, 31 ]

Manual:		47, 84, 82, 77, 71, 88, 15, 31, 52, 56, 65, 92, 72, 63, 64, 81, 48, 54, 93, 45, 46, 79, 99
Mapped indices	[ 7, 29, 23, 4, 40, 28, 24, 38, 22, 15, 5, 2, 20, 47, 27, 26, 18, 13, 14, 21, 42, 12, 8 ]

Manual:		55, 43, 44, 18, 58
Mapped indices	[ 46, 43, 37, 36, 17 ]

Manual:		44, 11, 39, 18, 77, 71, 45, 79, 72
Mapped indices	[ 37, 9, 45, 36, 4, 40, 21, 12, 20 ]

Manual:		79, 46, 56, 72, 84, 31, 88, 52, 99, 93, 71, 61, 16, 76, 63, 54, 65, 45, 27
Mapped indices	[ 12, 42, 15, 20, 29, 38, 28, 22, 8, 14, 40, 1, 30, 16, 47, 13, 5, 21, 19 ]

Manual:		93, 47, 52, 64, 84
Mapped indices	[ 14, 7, 22, 27, 29 ]

Manual:		18, 55, 26, 47, 46, 99, 93
Mapped indices	[ 36, 46, 41, 7, 42, 8, 14 ]

Manual:		12, 15, 63, 74, 27, 82, 43, 37, 38, 21, 51, 96, 39, 32, 59, 61, 16
Mapped indices	[ 0, 24, 47, 48, 19, 23, 43, 6, 10, 35, 25, 34, 45, 32, 39, 1, 30 ]

Manual:		45, 88, 31, 81, 52, 46, 99, 79, 72, 93, 54, 56, 76, 48, 84, 82, 15, 63, 92, 65, 16, 27, 12
Mapped indices	[ 21, 28, 38, 26, 22, 42, 8, 12, 20, 14, 13, 15, 16, 18, 29, 23, 24, 47, 2, 5, 30, 19, 0 ]

Manual:		16, 27, 61, 12, 57, 58, 91, 37, 96, 21, 38, 51, 59, 11, 39, 32, 43, 33, 18, 42, 34
Mapped indices	[ 30, 19, 1, 0, 3, 17, 31, 6, 34, 35, 10, 25, 39, 9, 45, 32, 43, 11, 36, 33, 44 ]

Manual:		16, 59, 12, 57, 27, 65, 38, 61, 48, 74, 91, 82, 84, 21, 51
Mapped indices	[ 30, 39, 0, 3, 19, 5, 10, 1, 18, 48, 31, 23, 29, 35, 25 ]

Manual:		92, 58, 15, 61, 43, 32, 37, 21, 44, 91, 16, 27, 96, 57, 51, 12, 59, 65, 39, 11, 33
Mapped indices	[ 2, 17, 24, 1, 43, 32, 6, 35, 37, 31, 30, 19, 34, 3, 25, 0, 39, 5, 45, 9, 11 ]

Manual:		37, 44, 32, 33, 42, 55, 26, 64, 88
Mapped indices	[ 6, 37, 32, 11, 33, 46, 41, 27, 28 ]

Manual:		64, 72, 71, 45, 55, 42, 46, 79, 81, 32, 93, 77, 54, 34, 31, 47, 26, 39, 18, 33, 88
Mapped indices	[ 27, 20, 40, 21, 46, 33, 42, 12, 26, 32, 14, 4, 13, 44, 38, 7, 41, 45, 36, 11, 28 ]

Manual:		84, 46, 72, 37, 15, 76, 65, 79, 58, 16, 96, 54, 57, 48, 82, 92, 61
Mapped indices	[ 29, 42, 20, 6, 24, 16, 5, 12, 17, 30, 34, 13, 3, 18, 23, 2, 1 ]

Manual:		71, 92, 79, 16, 31, 61, 63, 76, 99, 84, 82, 46, 72, 27, 81, 56, 54, 48, 88
Mapped indices	[ 40, 2, 12, 30, 38, 1, 47, 16, 8, 29, 23, 42, 20, 19, 26, 15, 13, 18, 28 ]

Manual:		55, 79, 26, 32, 33, 45, 31, 56, 64, 46, 77
Mapped indices	[ 46, 12, 41, 32, 11, 21, 38, 15, 27, 42, 4 ]

Manual:		96, 38, 74, 11, 39, 32, 33, 18, 55, 34, 64
Mapped indices	[ 34, 10, 48, 9, 45, 32, 11, 36, 46, 44, 27 ]

Manual:		61, 65, 38, 58, 39, 15, 91, 12, 21
Mapped indices	[ 1, 5, 10, 17, 45, 24, 31, 0, 35 ]

Manual:		33, 18, 42, 55, 26, 77, 64, 47, 71, 45, 88, 31, 81, 52, 46, 99, 79, 72, 93, 54, 48
Mapped indices	[ 11, 36, 33, 46, 41, 4, 27, 7, 40, 21, 28, 38, 26, 22, 42, 8, 12, 20, 14, 13, 18 ]

Manual:		57, 48, 76, 61, 91, 37, 21, 82, 58, 38, 84, 96, 72, 16, 54, 12, 79, 56, 15, 63, 65
Mapped indices	[ 3, 18, 16, 1, 31, 6, 35, 23, 17, 10, 29, 34, 20, 30, 13, 0, 12, 15, 24, 47, 5 ]

Manual:		27, 72, 61, 54, 57, 52, 56, 99, 88, 84, 76, 46, 79, 48, 16
Mapped indices	[ 19, 20, 1, 13, 3, 22, 15, 8, 28, 29, 16, 42, 12, 18, 30 ]

Manual:		42, 47, 88, 31, 52, 46, 72, 93, 76
Mapped indices	[ 33, 7, 28, 38, 22, 42, 20, 14, 16 ]

Manual:		77, 71, 31, 99, 93, 56, 48, 84, 65
Mapped indices	[ 4, 40, 38, 8, 14, 15, 18, 29, 5 ]

Manual:		77, 64, 71, 52, 46, 99, 79, 82, 15, 63, 92
Mapped indices	[ 4, 27, 40, 22, 42, 8, 12, 23, 24, 47, 2 ]

Manual:		56, 76, 48, 84, 82, 15, 92, 65, 16, 27, 61, 12, 57, 58, 91, 37, 96, 51, 74, 59, 44
Mapped indices	[ 15, 16, 18, 29, 23, 24, 2, 5, 30, 19, 1, 0, 3, 17, 31, 6, 34, 25, 48, 39, 37 ]

Manual:		88, 16, 48, 57, 65, 27, 82
Mapped indices	[ 28, 30, 18, 3, 5, 19, 23 ]

Manual:		82, 15, 63, 65, 16, 27, 61, 12, 57, 58, 37, 96, 21, 38, 51, 74, 59, 44, 11, 39, 32
Mapped indices	[ 23, 24, 47, 5, 30, 19, 1, 0, 3, 17, 6, 34, 35, 10, 25, 48, 39, 37, 9, 45, 32 ]

Manual:		21, 38, 51, 74, 59, 44, 39, 32, 43, 33, 18, 42, 34, 77, 64, 47, 81
Mapped indices	[ 35, 10, 25, 48, 39, 37, 45, 32, 43, 11, 36, 33, 44, 4, 27, 7, 26 ]

Manual:		16, 27, 61, 12, 91, 96, 21, 51, 74, 59, 44, 11, 43, 33, 18, 42, 34
Mapped indices	[ 30, 19, 1, 0, 31, 34, 35, 25, 48, 39, 37, 9, 43, 11, 36, 33, 44 ]

Manual:		33, 38, 12, 44, 55, 91, 27, 43, 37, 59, 18, 26, 51, 11, 34, 58, 21, 32, 61, 42, 57
Mapped indices	[ 11, 10, 0, 37, 46, 31, 19, 43, 6, 39, 36, 41, 25, 9, 44, 17, 35, 32, 1, 33, 3 ]

Manual:		64, 77, 46, 56, 88
Mapped indices	[ 27, 4, 42, 15, 28 ]

Manual:		34, 26, 45, 31, 99, 79, 93, 76, 48
Mapped indices	[ 44, 41, 21, 38, 8, 12, 14, 16, 18 ]

Manual:		44, 37, 96, 43, 51, 34, 32, 58, 33, 26, 27
Mapped indices	[ 37, 6, 34, 43, 25, 44, 32, 17, 11, 41, 19 ]

Manual:		91, 92, 65, 21, 51, 58, 59, 57, 96, 32, 74, 12, 27
Mapped indices	[ 31, 2, 5, 35, 25, 17, 39, 3, 34, 32, 48, 0, 19 ]

Manual:		72, 48, 15, 65, 96
Mapped indices	[ 20, 18, 24, 5, 34 ]

Manual:		58, 51, 39, 18, 59, 55, 34, 12, 16, 42, 74
Mapped indices	[ 17, 25, 45, 36, 39, 46, 44, 0, 30, 33, 48 ]

Manual:		59, 44, 11, 39, 32, 43, 33, 18, 42, 55, 34, 26, 77, 64, 71, 45, 88, 31, 81, 52, 46, 99, 79
Mapped indices	[ 39, 37, 9, 45, 32, 43, 11, 36, 33, 46, 44, 41, 4, 27, 40, 21, 28, 38, 26, 22, 42, 8, 12 ]

Manual:		56, 57, 96, 74, 15, 82, 21, 63, 92, 65, 84, 76, 91, 61, 48, 44, 16, 38, 59
Mapped indices	[ 15, 3, 34, 48, 24, 23, 35, 47, 2, 5, 29, 16, 31, 1, 18, 37, 30, 10, 39 ]

Manual:		88, 99, 84, 15, 63, 79, 45, 61, 27, 93, 46, 65, 12
Mapped indices	[ 28, 8, 29, 24, 47, 12, 21, 1, 19, 14, 42, 5, 0 ]

Manual:		57, 51, 61, 55, 43, 12, 77
Mapped indices	[ 3, 25, 1, 46, 43, 0, 4 ]

Manual:		15, 63, 92, 65, 16, 27, 61, 12, 58, 91, 37, 96, 21, 38, 51, 74, 59, 44, 11, 39, 32, 43, 33
Mapped indices	[ 24, 47, 2, 5, 30, 19, 1, 0, 17, 31, 6, 34, 35, 10, 25, 48, 39, 37, 9, 45, 32, 43, 11 ]

Manual:		46, 81, 55, 76, 15, 45, 52
Mapped indices	[ 42, 26, 46, 16, 24, 21, 22 ]

Manual:		58, 92, 16, 57, 48, 61, 38, 82, 72, 51, 54, 56, 63, 93, 37, 12, 84, 91, 96, 15, 21, 65, 76
Mapped indices	[ 17, 2, 30, 3, 18, 1, 10, 23, 20, 25, 13, 15, 47, 14, 6, 0, 29, 31, 34, 24, 35, 5, 16 ]

Manual:		33, 43, 42, 34, 38, 51, 59, 55, 64, 74, 31, 52, 18, 47, 39, 88, 44, 26, 32, 77, 71
Mapped indices	[ 11, 43, 33, 44, 10, 25, 39, 46, 27, 48, 38, 22, 36, 7, 45, 28, 37, 41, 32, 4, 40 ]

Manual:		82, 55, 56, 52, 48, 71, 34, 26, 42, 93, 45, 77, 79
Mapped indices	[ 23, 46, 15, 22, 18, 40, 44, 41, 33, 14, 21, 4, 12 ]

Manual:		32, 33, 42, 64, 47, 88, 31, 81, 79, 72, 56
Mapped indices	[ 32, 11, 33, 27, 7, 28, 38, 26, 12, 20, 15 ]

Manual:		39, 71, 96, 59, 21, 11, 43, 18, 77, 42, 45, 51, 88, 44, 33, 74, 31, 64, 47
Mapped indices	[ 45, 40, 34, 39, 35, 9, 43, 36, 4, 33, 21, 25, 28, 37, 11, 48, 38, 27, 7 ]

Manual:		99, 72, 71, 77, 48, 26, 46, 76, 47, 64, 56, 92, 52, 45, 54, 82, 31, 88, 15
Mapped indices	[ 8, 20, 40, 4, 18, 41, 42, 16, 7, 27, 15, 2, 22, 21, 13, 23, 38, 28, 24 ]

Manual:		96, 61, 15, 82, 92, 27, 72, 58, 79, 38, 65, 48, 57, 91, 84, 63, 21
Mapped indices	[ 34, 1, 24, 23, 2, 19, 20, 17, 12, 10, 5, 18, 3, 31, 29, 47, 35 ]

Manual:		33, 26, 31, 42, 18, 55, 99, 39, 54, 45, 93, 72, 71, 79, 81, 88, 77, 52, 47, 46, 43
Mapped indices	[ 11, 41, 38, 33, 36, 46, 8, 45, 13, 21, 14, 20, 40, 12, 26, 28, 4, 22, 7, 42, 43 ]

Manual:		65, 56, 58, 12, 27, 52, 54, 91, 46, 99, 16, 82, 72, 92, 81
Mapped indices	[ 5, 15, 17, 0, 19, 22, 13, 31, 42, 8, 30, 23, 20, 2, 26 ]

Manual:		32, 43, 42, 26, 64, 47, 71, 45, 88, 31, 81, 46, 99, 79, 72, 54, 56
Mapped indices	[ 32, 43, 33, 41, 27, 7, 40, 21, 28, 38, 26, 42, 8, 12, 20, 13, 15 ]

Manual:		42, 55, 64, 45, 46, 93, 76, 84, 82
Mapped indices	[ 33, 46, 27, 21, 42, 14, 16, 29, 23 ]

Manual:		59, 11, 39, 43, 33, 18, 42, 34, 77, 64, 47, 71, 45, 88, 31, 52, 46, 99, 79
Mapped indices	[ 39, 9, 45, 43, 11, 36, 33, 44, 4, 27, 7, 40, 21, 28, 38, 22, 42, 8, 12 ]

Manual:		44, 42, 26, 77, 47, 71, 45, 88, 31, 81, 52, 99, 72
Mapped indices	[ 37, 33, 41, 4, 7, 40, 21, 28, 38, 26, 22, 8, 20 ]

Manual:		34, 64, 47, 31, 52, 46, 93, 76, 63
Mapped indices	[ 44, 27, 7, 38, 22, 42, 14, 16, 47 ]

Manual:		82, 32, 96, 74, 12, 15, 38, 43, 57, 63, 91
Mapped indices	[ 23, 32, 34, 48, 0, 24, 10, 43, 3, 47, 31 ]

Manual:		72, 56, 76, 48, 84, 82, 15, 63, 92, 65, 16, 27, 61, 12, 57, 58, 91, 37, 96, 38, 51
Mapped indices	[ 20, 15, 16, 18, 29, 23, 24, 47, 2, 5, 30, 19, 1, 0, 3, 17, 31, 6, 34, 10, 25 ]

Manual:		74, 59, 44, 11, 39, 43, 33, 55, 34, 77, 64, 47, 71, 88, 31, 81, 52, 46, 99
Mapped indices	[ 48, 39, 37, 9, 45, 43, 11, 46, 44, 4, 27, 7, 40, 28, 38, 26, 22, 42, 8 ]

Manual:		45, 88, 31, 81, 52, 46, 99, 79, 93, 54, 56, 76, 48, 84, 82, 15, 63, 92, 65, 16, 27, 61, 12
Mapped indices	[ 21, 28, 38, 26, 22, 42, 8, 12, 14, 13, 15, 16, 18, 29, 23, 24, 47, 2, 5, 30, 19, 1, 0 ]

Manual:		96, 21, 51, 74, 44, 11, 43, 33, 18, 77, 64, 47, 71, 88, 31
Mapped indices	[ 34, 35, 25, 48, 37, 9, 43, 11, 36, 4, 27, 7, 40, 28, 38 ]

Manual:		27, 61, 57, 58, 91, 37, 96, 21, 38, 51, 74, 59, 44, 11, 32, 43, 33, 18, 55, 34, 26
Mapped indices	[ 19, 1, 3, 17, 31, 6, 34, 35, 10, 25, 48, 39, 37, 9, 32, 43, 11, 36, 46, 44, 41 ]

Manual:		92, 65, 57, 21, 38, 11, 39, 32, 43, 33, 42
Mapped indices	[ 2, 5, 3, 35, 10, 9, 45, 32, 43, 11, 33 ]

Manual:		32, 55, 47, 31, 71, 52, 39, 42, 79, 11, 45, 93, 72, 18, 26, 99, 34, 88, 81, 46, 43, 77, 33
Mapped indices	[ 32, 46, 7, 38, 40, 22, 45, 33, 12, 9, 21, 14, 20, 36, 41, 8, 44, 28, 26, 42, 43, 4, 11 ]

Manual:		91, 16, 57, 82, 93, 96, 48, 37, 38, 21, 56, 58, 61, 15, 92, 74, 84
Mapped indices	[ 31, 30, 3, 23, 14, 34, 18, 6, 10, 35, 15, 17, 1, 24, 2, 48, 29 ]

Manual:		92, 61, 12, 57, 21, 39, 42
Mapped indices	[ 2, 1, 0, 3, 35, 45, 33 ]

Manual:		91, 37, 96, 21, 38, 51, 74, 11, 43, 33, 42, 55, 77, 64, 45
Mapped indices	[ 31, 6, 34, 35, 10, 25, 48, 9, 43, 11, 33, 46, 4, 27, 21 ]

Manual:		46, 99, 79, 72, 93, 54, 76, 84, 82, 15, 63, 92, 65, 16, 27, 12, 57, 58, 91, 37, 96
Mapped indices	[ 42, 8, 12, 20, 14, 13, 16, 29, 23, 24, 47, 2, 5, 30, 19, 0, 3, 17, 31, 6, 34 ]

